1615093994.175518,0.000000,537.503906,3316.445312
1615093994.185018,101.600000,537.546875,3317.445312
1615093995.186775,100.000000,871.093750,3859.953125
1615093996.186679,101.000000,962.093750,3859.953125
1615093997.182637,101.000000,1053.925781,3859.953125
1615093998.185449,100.000000,875.296875,3859.953125
1615093999.183891,102.000000,967.335938,3859.953125
1615094000.184694,100.000000,1054.527344,3859.953125
1615094003.882928,101.000000,1772.382812,5085.343750
1615094005.703944,133.300000,3859.156250,7172.378906
1615094005.915480,133.500000,5255.507812,8568.378906
1615094005.951111,132.400000,5408.769531,8722.031250
1615094005.986432,112.200000,5432.480469,8745.617188
1615094006.213263,102.400000,5622.265625,8935.519531
1615094007.224242,101.000000,6502.257812,9815.667969
1615094008.272788,102.000000,7378.437500,10691.734375
1615094009.435114,103.000000,8246.957031,11560.132812
1615094010.187087,107.000000,9072.925781,19244.753906
1615094011.187113,99.000000,10519.621094,19237.503906
1615094012.187856,99.000000,12304.750000,19228.503906
1615094013.187322,99.000000,14228.988281,19218.753906
1615094014.277037,98.000000,15405.257812,25570.003906
1615094015.186905,100.200000,16400.839844,25570.003906
1615094016.186614,101.000000,17412.937500,25570.003906
1615094017.186723,100.000000,18402.937500,25570.003906
1615094018.186466,100.000000,19426.402344,25570.003906
1615094019.186633,100.000000,20438.148438,25570.003906
1615094020.186794,100.000000,21486.042969,25570.003906
1615094021.187115,100.000000,22517.101562,32421.257812
1615094022.186188,100.000000,23528.125000,32421.257812
1615094023.185216,101.000000,24498.464844,32421.257812
1615094024.185135,100.000000,25470.503906,32421.257812
1615094025.185158,100.000000,26451.449219,32421.257812
1615094026.185118,101.000000,27445.574219,32421.257812
1615094027.185321,100.000000,28365.308594,32421.257812
1615094028.260445,98.600000,22249.664062,25570.003906
1615094029.186277,101.600000,22249.664062,25570.003906
1615094030.186699,1181.100000,22250.484375,25834.117188
1615094031.186921,2800.400000,22250.484375,25834.117188
1615094032.186511,2800.000000,22250.484375,25834.117188
1615094033.182930,2893.700000,22264.027344,26114.683594
1615094034.181538,1263.000000,15932.312500,26114.683594
1615094035.185188,101.000000,17554.312500,26114.683594
1615094036.186953,100.000000,18754.304688,26114.683594
1615094037.186780,102.000000,19826.304688,26114.683594
1615094038.186571,100.000000,20878.300781,26114.683594
1615094039.185893,101.000000,21826.085938,26114.683594
1615094040.187176,101.000000,22884.796875,32965.937500
1615094041.187402,101.000000,23864.796875,32965.937500
1615094042.187462,101.000000,24880.796875,32965.937500
1615094043.189292,101.000000,25686.316406,32965.937500
1615094044.189621,101.000000,26474.207031,32965.937500
1615094045.186333,101.000000,27314.218750,32965.937500
1615094046.185744,101.000000,28281.742188,32965.937500
1615094047.185840,100.000000,29156.234375,32965.937500
1615094048.185870,100.000000,22522.703125,26114.683594
1615094049.183733,219.000000,22522.703125,26114.683594
1615094050.186746,2799.500000,22522.703125,26114.683594
1615094051.186750,2799.700000,22522.703125,26114.683594
1615094052.181244,2682.700000,22522.703125,26114.683594
1615094053.185047,1184.000000,16256.113281,26114.683594
1615094054.185008,101.000000,17894.113281,26114.683594
1615094055.184936,101.000000,19516.113281,26114.683594
1615094056.184951,100.000000,21128.113281,26114.683594
1615094057.184927,102.000000,22744.621094,32965.937500
1615094058.184869,100.000000,24372.621094,32965.937500
1615094059.185728,101.000000,25570.453125,32965.937500
1615094060.187844,100.000000,26270.187500,32965.937500
1615094061.188047,100.000000,27006.617188,32965.937500
1615094062.185975,101.000000,27743.234375,32965.937500
1615094063.185836,100.000000,28496.562500,32965.937500
1615094064.186397,101.000000,29347.281250,32965.937500
1615094065.185903,101.000000,22519.156250,26114.683594
1615094066.186397,1077.900000,22519.156250,26114.683594
1615094067.186436,2801.000000,22519.156250,26114.683594
1615094068.186420,2801.200000,22519.156250,26114.683594
1615094069.297701,2236.500000,22519.156250,26114.683594
1615094070.180603,655.600000,16856.500000,26114.683594
1615094071.184190,100.000000,18474.500000,26114.683594
1615094072.184126,100.000000,20090.500000,26114.683594
1615094073.184157,102.000000,21712.500000,26114.683594
1615094074.184156,100.000000,23319.007812,32965.937500
1615094075.184195,101.000000,24939.007812,32965.937500
1615094076.187083,101.000000,25942.613281,32965.937500
1615094077.188187,100.000000,26721.425781,32965.937500
1615094078.189591,101.000000,27474.812500,32965.937500
1615094079.185241,101.000000,28303.613281,32965.937500
1615094080.185358,101.000000,29221.550781,32965.937500
1615094081.184794,101.000000,22519.156250,26114.683594
1615094082.186118,602.000000,22519.156250,26114.683594
1615094083.186054,2799.600000,22519.156250,26114.683594
1615094084.186001,2800.100000,22519.156250,26114.683594
1615094085.331081,2801.600000,22519.156250,26114.683594
1615094086.219912,2126.500000,15667.902344,19263.429688
1615094087.184855,99.800000,17216.500000,26114.683594
1615094088.184430,101.000000,18828.500000,26114.683594
1615094089.184680,101.000000,20438.500000,26114.683594
1615094090.184746,100.000000,22052.500000,26114.683594
1615094091.184620,102.000000,23685.007812,32965.937500
1615094092.184564,101.000000,25319.007812,32965.937500
1615094093.189487,99.900000,26144.824219,32965.937500
1615094094.188295,100.000000,26892.996094,32965.937500
1615094095.188968,101.000000,27640.910156,32965.937500
1615094096.187209,101.000000,28414.863281,32965.937500
1615094097.187653,100.000000,29296.250000,32965.937500
1615094098.185690,101.000000,22519.156250,26114.683594
1615094099.185354,857.900000,22519.156250,26114.683594
1615094100.185798,2800.000000,22519.156250,26114.683594
1615094101.186526,2800.900000,22519.156250,26114.683594
1615094102.014289,2800.600000,22519.156250,26114.683594
