1615176877.597539,0.000000,236.183594,3101.800781
1615176877.608301,96.700000,236.183594,3191.007812
1615176878.608135,97.000000,572.953125,3733.511719
1615176879.606296,101.000000,651.050781,3733.511719
1615176880.609675,100.000000,727.050781,3733.511719
1615176881.608212,101.000000,532.980469,3733.511719
1615176882.607735,101.000000,612.980469,3733.511719
1615176883.606804,101.000000,693.050781,3733.511719
1615176884.607771,101.000000,773.050781,3733.511719
1615176887.708867,101.000000,1440.890625,4912.292969
1615176890.735513,135.500000,3074.906250,6546.371094
1615176894.687480,135.400000,5434.664062,8905.949219
1615176894.749381,134.900000,8520.937500,11992.640625
1615176894.757968,129.600000,8565.351562,19118.402344
1615176894.768853,233.100000,8571.351562,19118.402344
1615176894.776179,183.900000,8581.351562,19118.402344
1615176894.783047,136.400000,8587.351562,19118.402344
1615176894.789026,145.600000,8593.351562,19118.402344
1615176894.795088,167.900000,8595.351562,19118.402344
1615176895.608767,100.100000,9166.445312,19115.402344
1615176896.610348,100.000000,10048.058594,19111.152344
1615176897.610324,101.000000,11649.402344,19102.902344
1615176898.610729,100.000000,13140.531250,19095.402344
1615176899.610741,99.000000,14713.718750,19087.652344
1615176900.609814,101.000000,15423.750000,25443.152344
1615176901.608499,101.000000,16278.988281,25443.152344
1615176902.608653,100.000000,17185.964844,25443.152344
1615176903.608404,101.000000,18119.886719,25443.152344
1615176904.608344,100.000000,19117.972656,25443.152344
1615176905.608446,99.900000,19954.250000,25443.152344
1615176906.607589,100.000000,20740.535156,25443.152344
1615176907.608348,100.000000,21651.914062,25443.152344
1615176908.608418,100.000000,22389.628906,28868.777344
1615176909.607664,101.000000,22960.683594,28868.777344
1615176910.607551,99.000000,23487.910156,28868.777344
1615176911.607838,101.000000,24048.652344,28868.777344
1615176912.608015,99.000000,24574.070312,28868.777344
1615176913.611763,101.000000,25156.726562,28868.777344
1615176914.607973,101.000000,18539.296875,22017.523438
1615176915.610683,101.000000,18539.296875,22017.523438
1615176916.609639,102.000000,18539.296875,22017.523438
1615176917.606766,1426.800000,18540.015625,22297.644531
1615176918.608130,2797.100000,18540.015625,22297.644531
1615176919.603843,1883.200000,18549.414062,22330.058594
1615176920.603722,730.000000,16370.593750,25755.687500
1615176921.608979,100.000000,17456.593750,25755.687500
1615176922.609350,101.000000,18194.468750,25755.687500
1615176923.610487,101.000000,18650.593750,25755.687500
1615176924.609763,101.000000,19134.531250,25755.687500
1615176925.607688,101.000000,19626.730469,25755.687500
1615176926.608429,100.000000,20218.343750,25755.687500
1615176927.607707,100.000000,20800.375000,25755.687500
1615176928.608880,101.000000,21529.269531,25755.687500
1615176929.609525,100.000000,22196.230469,25755.687500
1615176930.608472,101.000000,22849.894531,29181.312500
1615176931.608375,101.000000,23446.472656,29181.312500
1615176932.604434,100.000000,24026.035156,29181.312500
1615176933.612730,102.000000,24593.500000,29181.312500
1615176934.617186,100.000000,25143.460938,29181.312500
1615176935.698975,101.700000,18688.132812,22330.058594
1615176936.607738,100.100000,18809.757812,22330.058594
1615176937.607286,101.000000,18811.691406,22330.058594
1615176938.608135,224.000000,18811.691406,22330.058594
1615176939.608474,2798.100000,18811.691406,22330.058594
1615176940.606093,2800.100000,18811.691406,22330.058594
1615176941.603873,829.000000,15867.746094,25755.687500
1615176942.603877,100.000000,17295.746094,25755.687500
1615176943.609614,101.000000,18423.746094,25755.687500
1615176944.609108,100.000000,18921.281250,25755.687500
1615176945.608517,101.000000,19494.656250,25755.687500
1615176946.608304,100.000000,20127.070312,25755.687500
1615176947.610071,101.000000,20755.617188,25755.687500
1615176948.607799,101.000000,21427.476562,25755.687500
1615176949.608733,101.000000,22194.468750,25755.687500
1615176950.611262,100.000000,22835.957031,29181.312500
1615176951.608684,101.000000,23172.253906,29181.312500
1615176952.608847,101.000000,23278.316406,29181.312500
1615176953.609727,101.000000,23293.996094,29181.312500
1615176954.608668,100.000000,23283.996094,29181.312500
1615176955.608271,101.000000,23349.867188,29181.312500
1615176956.607982,94.000000,18398.218750,22330.058594
1615176957.607665,98.000000,18811.757812,22330.058594
1615176958.607239,102.000000,18811.757812,22330.058594
1615176959.606610,1358.900000,18811.757812,22330.058594
1615176960.608569,2798.000000,18811.757812,22330.058594
1615176961.711898,1874.100000,18811.757812,22330.058594
1615176962.603845,624.700000,16529.726562,25755.687500
1615176963.608528,100.000000,17967.726562,25755.687500
1615176964.608500,101.000000,18815.792969,25755.687500
1615176965.608967,100.000000,19605.664062,25755.687500
1615176966.608521,100.000000,20334.152344,25755.687500
1615176967.608362,100.000000,21071.496094,25755.687500
1615176968.608667,100.000000,21768.667969,25755.687500
1615176969.607921,101.000000,22455.546875,29181.312500
1615176970.606397,100.000000,23038.957031,29181.312500
1615176971.607815,100.000000,23627.542969,29181.312500
1615176972.608071,101.000000,24138.785156,29181.312500
1615176973.607630,101.000000,24714.996094,29181.312500
1615176974.603716,102.000000,25264.390625,29181.312500
1615176975.603745,99.000000,18798.500000,22330.058594
1615176976.607808,101.000000,18798.500000,22330.058594
1615176977.607032,101.000000,18798.500000,22330.058594
1615176978.608044,1454.800000,18798.500000,22330.058594
1615176979.609233,2800.000000,18798.500000,22330.058594
1615176980.605956,1863.300000,18755.507812,22330.058594
1615176981.604185,265.000000,16664.695312,25755.687500
1615176982.604178,102.000000,18078.695312,25755.687500
1615176983.609477,100.000000,18770.640625,25755.687500
1615176984.609367,100.000000,19288.574219,25755.687500
1615176985.608854,100.000000,19757.746094,25755.687500
1615176986.610143,101.000000,20414.585938,25755.687500
1615176987.611570,101.000000,21030.500000,25755.687500
1615176988.608813,101.000000,21646.671875,25755.687500
1615176989.611756,100.000000,22096.671875,25755.687500
1615176990.608781,101.000000,22381.589844,29181.312500
1615176991.608220,101.000000,22999.437500,29181.312500
1615176992.612267,101.000000,23570.105469,29181.312500
1615176993.608092,101.000000,24162.558594,29181.312500
1615176994.608514,101.000000,24685.402344,29181.312500
1615176995.608006,101.000000,25262.128906,29181.312500
1615176996.608058,101.000000,18798.667969,22330.058594
1615176997.608467,101.000000,18798.667969,22330.058594
1615176998.610092,101.000000,18798.667969,22330.058594
1615176999.608621,1284.100000,18798.667969,22330.058594
1615177000.608069,2798.000000,18798.667969,22330.058594
1615177001.641445,1922.200000,18798.667969,22330.058594
1615177002.607868,434.400000,16624.664062,25755.687500
1615177003.606590,101.000000,18044.664062,25755.687500
1615177004.608421,101.000000,18806.152344,25755.687500
1615177005.607680,100.000000,19251.218750,25755.687500
1615177006.610279,101.000000,19742.535156,25755.687500
1615177007.608584,100.000000,20361.992188,25755.687500
1615177008.608710,100.000000,20914.484375,25755.687500
1615177009.610813,100.000000,21238.558594,25755.687500
1615177010.607851,101.000000,21874.582031,25755.687500
1615177011.607887,100.000000,22536.074219,29181.312500
1615177012.609835,101.000000,23159.464844,29181.312500
1615177013.607778,101.000000,23724.976562,29181.312500
1615177014.610903,101.000000,24293.582031,29181.312500
1615177015.607636,101.000000,24853.292969,29181.312500
1615177016.610663,101.000000,25402.691406,29181.312500
1615177017.026596,104.000000,25649.933594,29181.312500
